[gd_scene load_steps=85 format=2]

[ext_resource path="res://Character.escn" type="PackedScene" id=1]
[ext_resource path="res://Rifle.escn" type="PackedScene" id=2]

[sub_resource type="SphereShape" id=1]
radius = 0.146924

[sub_resource type="CylinderShape" id=2]
radius = 0.0690702
height = 0.0980346

[sub_resource type="BoxShape" id=3]
extents = Vector3( 0.246445, 0.167914, 0.180909 )

[sub_resource type="BoxShape" id=4]
extents = Vector3( 0.17991, 0.119546, 0.085036 )

[sub_resource type="BoxShape" id=5]
extents = Vector3( 0.246446, 0.14373, 0.0864166 )

[sub_resource type="CapsuleShape" id=6]
radius = 0.00992046
height = 0.0793637

[sub_resource type="CapsuleShape" id=7]
radius = 0.00992046
height = 0.0793637

[sub_resource type="BoxShape" id=8]
extents = Vector3( 0.0973402, 0.0834309, 0.144423 )

[sub_resource type="BoxShape" id=9]
extents = Vector3( 0.0764326, 0.0574145, 0.239932 )

[sub_resource type="BoxShape" id=10]
extents = Vector3( 0.128555, 0.0800747, 0.215458 )

[sub_resource type="BoxShape" id=11]
extents = Vector3( 0.0858896, 0.0723719, 0.257933 )

[sub_resource type="AnimationNodeAnimation" id=12]
animation = "LookUp"

[sub_resource type="AnimationNodeAnimation" id=13]
animation = "LookDown"

[sub_resource type="AnimationNodeAnimation" id=14]
animation = "LookRight"

[sub_resource type="AnimationNodeAnimation" id=15]
animation = "LookLeft"

[sub_resource type="AnimationNodeAnimation" id=16]
animation = "LookRightUp"

[sub_resource type="AnimationNodeAnimation" id=17]
animation = "LookRightDown"

[sub_resource type="AnimationNodeAnimation" id=18]
animation = "LookLeftUp"

[sub_resource type="AnimationNodeAnimation" id=19]
animation = "LookLeftDown"

[sub_resource type="AnimationNodeBlendSpace2D" id=20]
blend_point_0/node = SubResource( 12 )
blend_point_0/pos = Vector2( 0, 1 )
blend_point_1/node = SubResource( 13 )
blend_point_1/pos = Vector2( 0, -1 )
blend_point_2/node = SubResource( 14 )
blend_point_2/pos = Vector2( -1, 0 )
blend_point_3/node = SubResource( 15 )
blend_point_3/pos = Vector2( 1, 0 )
blend_point_4/node = SubResource( 16 )
blend_point_4/pos = Vector2( -1, 1 )
blend_point_5/node = SubResource( 17 )
blend_point_5/pos = Vector2( -1, -1 )
blend_point_6/node = SubResource( 18 )
blend_point_6/pos = Vector2( 1, 1 )
blend_point_7/node = SubResource( 19 )
blend_point_7/pos = Vector2( 1, -1 )

[sub_resource type="AnimationNodeBlend2" id=21]
filter_enabled = true
filters = [ ".:Camera", ".:Chest", ".:HandHold.R", ".:Head", ".:LowerArm.L", ".:LowerArm.R", ".:LowerHand.L", ".:LowerHand.R", ".:LowerThumb.L", ".:LowerThumb.R", ".:Neck", ".:Shoulder.L", ".:Shoulder.R", ".:Torso", ".:UpperArm.L", ".:UpperArm.R", ".:UpperHand.L", ".:UpperHand.R", ".:UpperThumb.L", ".:UpperThumb.R" ]

[sub_resource type="AnimationNodeTimeScale" id=22]

[sub_resource type="AnimationNodeAnimation" id=23]
animation = "CrouchIdle-loop"

[sub_resource type="AnimationNodeAnimation" id=24]
animation = "CrouchForward-loop"

[sub_resource type="AnimationNodeAnimation" id=25]
animation = "CrouchBackward-loop"

[sub_resource type="AnimationNodeAnimation" id=26]
animation = "CrouchRight-loop"

[sub_resource type="AnimationNodeAnimation" id=27]
animation = "CrouchLeft-loop"

[sub_resource type="AnimationNodeBlendSpace2D" id=28]
blend_point_0/node = SubResource( 23 )
blend_point_0/pos = Vector2( 0, 0 )
blend_point_1/node = SubResource( 24 )
blend_point_1/pos = Vector2( 0, 1 )
blend_point_2/node = SubResource( 25 )
blend_point_2/pos = Vector2( 0, -1 )
blend_point_3/node = SubResource( 26 )
blend_point_3/pos = Vector2( 1, 0 )
blend_point_4/node = SubResource( 27 )
blend_point_4/pos = Vector2( -1, 0 )

[sub_resource type="AnimationNodeAnimation" id=29]
animation = "RunForward-loop"

[sub_resource type="AnimationNodeAnimation" id=30]
animation = "RunBackward-loop"

[sub_resource type="AnimationNodeAnimation" id=31]
animation = "RunRight-loop"

[sub_resource type="AnimationNodeAnimation" id=32]
animation = "RunLeft-loop"

[sub_resource type="AnimationNodeAnimation" id=33]
animation = "CombatIdle-loop"

[sub_resource type="AnimationNodeBlendSpace2D" id=34]
blend_point_0/node = SubResource( 29 )
blend_point_0/pos = Vector2( 0, 1 )
blend_point_1/node = SubResource( 30 )
blend_point_1/pos = Vector2( 0, -0.9 )
blend_point_2/node = SubResource( 31 )
blend_point_2/pos = Vector2( 1, 0 )
blend_point_3/node = SubResource( 32 )
blend_point_3/pos = Vector2( -1, 0 )
blend_point_4/node = SubResource( 33 )
blend_point_4/pos = Vector2( 0, 0 )

[sub_resource type="AnimationNodeAnimation" id=35]
animation = "Slide"

[sub_resource type="AnimationNodeTimeScale" id=36]

[sub_resource type="AnimationNodeBlendTree" id=37]
nodes/Animation/node = SubResource( 35 )
nodes/Animation/position = Vector2( 62, 164 )
nodes/output/position = Vector2( 440, 160 )
nodes/speed/node = SubResource( 36 )
nodes/speed/position = Vector2( 240, 160 )
node_connections = [ "speed", 0, "Animation", "output", 0, "speed" ]

[sub_resource type="AnimationNodeAnimation" id=38]
animation = "Sprint-loop"

[sub_resource type="AnimationNodeTimeScale" id=39]

[sub_resource type="AnimationNodeBlendTree" id=40]
nodes/Animation/node = SubResource( 38 )
nodes/Animation/position = Vector2( 79, 139 )
nodes/output/position = Vector2( 480, 160 )
nodes/speed/node = SubResource( 39 )
nodes/speed/position = Vector2( 280, 160 )
node_connections = [ "speed", 0, "Animation", "output", 0, "speed" ]

[sub_resource type="AnimationNodeAnimation" id=41]
animation = "TurnRight"

[sub_resource type="AnimationNodeAnimation" id=42]
animation = "TurnLeft"

[sub_resource type="AnimationNodeBlendSpace1D" id=43]
blend_point_0/node = SubResource( 41 )
blend_point_0/pos = -1.0
blend_point_1/node = SubResource( 42 )
blend_point_1/pos = 1.0

[sub_resource type="AnimationNodeTimeScale" id=44]

[sub_resource type="AnimationNodeBlendTree" id=45]
graph_offset = Vector2( -337, 19 )
nodes/direction/node = SubResource( 43 )
nodes/direction/position = Vector2( -170, 128 )
nodes/speed/node = SubResource( 44 )
nodes/speed/position = Vector2( 80, 120 )
node_connections = [ "speed", 0, "direction", "output", 0, "speed" ]

[sub_resource type="AnimationNodeAnimation" id=46]
animation = "Vault"

[sub_resource type="AnimationNodeTimeScale" id=47]

[sub_resource type="AnimationNodeBlendTree" id=48]
nodes/Animation/node = SubResource( 46 )
nodes/Animation/position = Vector2( 91, 142 )
nodes/output/position = Vector2( 460, 140 )
nodes/speed/node = SubResource( 47 )
nodes/speed/position = Vector2( 280, 140 )
node_connections = [ "speed", 0, "Animation", "output", 0, "speed" ]

[sub_resource type="AnimationNodeStateMachineTransition" id=49]
xfade_time = 0.1

[sub_resource type="AnimationNodeStateMachineTransition" id=50]
switch_mode = 2
auto_advance = true
xfade_time = 0.1

[sub_resource type="AnimationNodeStateMachineTransition" id=51]
switch_mode = 1
xfade_time = 0.2

[sub_resource type="AnimationNodeStateMachineTransition" id=52]
switch_mode = 1
xfade_time = 0.2

[sub_resource type="AnimationNodeStateMachineTransition" id=53]
switch_mode = 2
auto_advance = true
xfade_time = 0.1

[sub_resource type="AnimationNodeStateMachineTransition" id=54]
xfade_time = 0.2

[sub_resource type="AnimationNodeStateMachineTransition" id=55]
xfade_time = 0.2

[sub_resource type="AnimationNodeStateMachineTransition" id=56]
xfade_time = 0.1

[sub_resource type="AnimationNodeStateMachineTransition" id=57]
xfade_time = 0.1

[sub_resource type="AnimationNodeStateMachineTransition" id=58]
xfade_time = 0.2

[sub_resource type="AnimationNodeStateMachineTransition" id=59]
switch_mode = 2
auto_advance = true
xfade_time = 0.2

[sub_resource type="AnimationNodeStateMachine" id=60]
states/crouch/node = SubResource( 28 )
states/crouch/position = Vector2( 281, 258 )
states/run/node = SubResource( 34 )
states/run/position = Vector2( 448, 258 )
states/slide/node = SubResource( 37 )
states/slide/position = Vector2( 448, 365 )
states/sprint/node = SubResource( 40 )
states/sprint/position = Vector2( 636, 258 )
states/turn/node = SubResource( 45 )
states/turn/position = Vector2( 448, 144 )
states/vault/node = SubResource( 48 )
states/vault/position = Vector2( 641, 164 )
transitions = [ "run", "vault", SubResource( 49 ), "vault", "run", SubResource( 50 ), "run", "crouch", SubResource( 51 ), "crouch", "run", SubResource( 52 ), "slide", "crouch", SubResource( 53 ), "run", "sprint", SubResource( 54 ), "sprint", "run", SubResource( 55 ), "sprint", "slide", SubResource( 56 ), "sprint", "vault", SubResource( 57 ), "run", "turn", SubResource( 58 ), "turn", "run", SubResource( 59 ) ]
start_node = "run"
graph_offset = Vector2( -13, 90 )

[sub_resource type="AnimationNodeBlend2" id=61]
filter_enabled = true
filters = [ ".:HandHold.R", ".:LowerArm.L", ".:LowerArm.R", ".:LowerHand.L", ".:LowerHand.R", ".:LowerThumb.L", ".:LowerThumb.R", ".:Shoulder.L", ".:Shoulder.R", ".:UpperArm.L", ".:UpperArm.R", ".:UpperHand.L", ".:UpperHand.R", ".:UpperThumb.L", ".:UpperThumb.R" ]

[sub_resource type="AnimationNodeAnimation" id=62]
animation = "AimRifle"

[sub_resource type="AnimationNodeAnimation" id=63]
animation = "AimFireRifle"

[sub_resource type="AnimationNodeOneShot" id=64]

[sub_resource type="AnimationNodeBlendTree" id=65]
nodes/Animation/node = SubResource( 63 )
nodes/Animation/position = Vector2( 60, 260 )
"nodes/Animation 2/node" = SubResource( 62 )
"nodes/Animation 2/position" = Vector2( 63, 125 )
nodes/fire/node = SubResource( 64 )
nodes/fire/position = Vector2( 300, 120 )
nodes/output/position = Vector2( 520, 160 )
node_connections = [ "output", 0, "fire", "fire", 0, "Animation 2", "fire", 1, "Animation" ]

[sub_resource type="AnimationNodeAnimation" id=66]
animation = "AimFireRifle"

[sub_resource type="AnimationNodeAnimation" id=67]
animation = "FireRifle"

[sub_resource type="AnimationNodeAnimation" id=68]
animation = "FireRifle"

[sub_resource type="AnimationNodeAnimation" id=69]
animation = "HoldRifle-loop"

[sub_resource type="AnimationNodeOneShot" id=70]

[sub_resource type="AnimationNodeBlendTree" id=71]
graph_offset = Vector2( -194, 67.5 )
nodes/Animation/node = SubResource( 69 )
nodes/Animation/position = Vector2( 60, 100 )
"nodes/Animation 2/node" = SubResource( 68 )
"nodes/Animation 2/position" = Vector2( 80, 240 )
nodes/fire/node = SubResource( 70 )
nodes/fire/position = Vector2( 300, 100 )
nodes/output/position = Vector2( 500, 120 )
node_connections = [ "output", 0, "fire", "fire", 0, "Animation", "fire", 1, "Animation 2" ]

[sub_resource type="AnimationNodeStateMachineTransition" id=72]
xfade_time = 0.3

[sub_resource type="AnimationNodeStateMachineTransition" id=73]
xfade_time = 0.5

[sub_resource type="AnimationNodeStateMachineTransition" id=74]

[sub_resource type="AnimationNodeStateMachineTransition" id=75]
switch_mode = 2
auto_advance = true
xfade_time = 0.2

[sub_resource type="AnimationNodeStateMachineTransition" id=76]

[sub_resource type="AnimationNodeStateMachineTransition" id=77]
switch_mode = 2
auto_advance = true
xfade_time = 0.2

[sub_resource type="AnimationNodeStateMachine" id=78]
states/aim/node = SubResource( 65 )
states/aim/position = Vector2( 717, 248 )
states/aimfire/node = SubResource( 66 )
states/aimfire/position = Vector2( 717, 325 )
states/fire/node = SubResource( 67 )
states/fire/position = Vector2( 540, 325 )
states/hold/node = SubResource( 71 )
states/hold/position = Vector2( 540, 248 )
transitions = [ "hold", "aim", SubResource( 72 ), "aim", "hold", SubResource( 73 ), "aim", "aimfire", SubResource( 74 ), "aimfire", "aim", SubResource( 75 ), "hold", "fire", SubResource( 76 ), "fire", "hold", SubResource( 77 ) ]
start_node = "hold"
graph_offset = Vector2( 104, 131 )

[sub_resource type="AnimationNodeBlendTree" id=79]
graph_offset = Vector2( -21, -254 )
nodes/look/node = SubResource( 20 )
nodes/look/position = Vector2( 200, 240 )
nodes/look_blend/node = SubResource( 21 )
nodes/look_blend/position = Vector2( 460, 80 )
nodes/move_speed/node = SubResource( 22 )
nodes/move_speed/position = Vector2( 220, 100 )
nodes/move_state/node = SubResource( 60 )
nodes/move_state/position = Vector2( -20, 100 )
nodes/output/position = Vector2( 860, 100 )
nodes/weapon_blend/node = SubResource( 61 )
nodes/weapon_blend/position = Vector2( 680, 80 )
nodes/weaponstate/node = SubResource( 78 )
nodes/weaponstate/position = Vector2( 420, 280 )
node_connections = [ "output", 0, "weapon_blend", "look_blend", 0, "move_speed", "look_blend", 1, "look", "weapon_blend", 0, "look_blend", "weapon_blend", 1, "weaponstate", "move_speed", 0, "move_state" ]

[sub_resource type="AnimationNodeStateMachinePlayback" id=80]

[sub_resource type="AnimationNodeStateMachinePlayback" id=81]

[sub_resource type="BoxShape" id=82]
extents = Vector3( 0.249499, 0.919909, 0.50665 )

[node name="Character" instance=ExtResource( 1 )]

[node name="Armature" parent="." index="0"]
bones/1/bound_children = [ NodePath("HitBoxPelvis") ]
bones/2/bound_children = [ NodePath("HitBoxUpperLegL") ]
bones/3/bound_children = [ NodePath("HitBoxNeck") ]
bones/5/bound_children = [ NodePath("HitBoxTorso") ]
bones/6/bound_children = [ NodePath("HitBoxChest") ]
bones/7/bound_children = [ NodePath("HitBoxHead") ]
bones/8/bound_children = [ NodePath("HitBoxUpperArmL") ]
bones/9/bound_children = [ NodePath("HitBoxLowerArmL") ]
bones/13/bound_children = [ NodePath("HitBoxLowerLegL") ]
bones/16/bound_children = [ NodePath("HitBoxUpperArmR") ]
bones/17/bound_children = [ NodePath("HitBoxLowerArmR") ]
bones/21/bound_children = [ NodePath("HitBoxUpperLegR") ]
bones/22/bound_children = [ NodePath("HitBoxLowerLegR") ]
bones/26/bound_children = [ NodePath("WeaponHold") ]
bones/27/bound_children = [ NodePath("CameraHold"), NodePath("CameraBoneAttachment") ]

[node name="WeaponHold" type="BoneAttachment" parent="Armature" index="2"]
transform = Transform( 0.998829, -0.0078829, 0.0477324, 0.00663712, 1.00009, 0.0261118, -0.0479206, -0.0257835, 0.998518, -0.196269, 1.42583, 0.372682 )
bone_name = "HandHold.R"

[node name="Rifle" parent="Armature/WeaponHold" index="0" instance=ExtResource( 2 )]

[node name="CameraHold" type="BoneAttachment" parent="Armature" index="3"]
transform = Transform( -0.999016, -0.000578936, -0.0443465, 0.000578745, 0.99966, -0.026088, 0.0443465, -0.0260881, -0.998676, 0.00233999, 1.72613, 0.043952 )
bone_name = "Camera"

[node name="Physical Bone Head" type="PhysicalBone" parent="Armature" index="4"]
transform = Transform( 0.99918, 0.0404177, 0.00236688, -0.000507772, 0.0709664, -0.997481, -0.0404837, 0.99666, 0.0709289, -0.00130783, 1.66282, -0.0402969 )
visible = false
joint_type = 3
joint_offset = Transform( 1, 0, 0, 0, 1, 0, 0, 0, 1, -2.42665e-05, 0.0242515, 0.0313183 )
body_offset = Transform( 0.999993, -0.00386175, -0.000203528, 0.00386706, 0.998984, 0.0449179, 2.98303e-05, -0.0449183, 0.998993, 0.000124294, -0.0256335, -0.0301974 )
bounce = 0.5
bone_name = "Head"
joint_constraints/angular_limit_enabled = true
joint_constraints/angular_limit_upper = 90.0
joint_constraints/angular_limit_lower = -90.0
joint_constraints/angular_limit_bias = 0.3
joint_constraints/angular_limit_softness = 0.9
joint_constraints/angular_limit_relaxation = 1.0

[node name="CollisionShape" type="CollisionShape" parent="Armature/Physical Bone Head" index="0"]
transform = Transform( 1, -2.84217e-14, 0, 1.42109e-14, 1, 4.65661e-10, 0, 0, 1, 9.99201e-16, 0.0272074, -0.0555511 )
shape = SubResource( 1 )

[node name="Physical Bone Neck" type="PhysicalBone" parent="Armature" index="5"]
transform = Transform( 0.885524, -0.464587, 0.00236689, 0.0350435, 0.0617126, -0.997479, 0.46327, 0.883374, 0.0709288, -0.00104661, 1.55274, -0.0324695 )
visible = false
joint_type = 3
joint_offset = Transform( 1, 0, 0, 0, 1, 0, 0, 0, 1, 0.00946932, 0.0164429, 0.0383226 )
body_offset = Transform( 0.999743, -0.00430048, 0.0222827, 0.00342897, 0.999233, 0.0390018, -0.0224333, -0.0389153, 0.998991, -0.0102501, -0.0179574, -0.0374316 )
bounce = 0.5
bone_name = "Neck"
joint_constraints/angular_limit_enabled = true
joint_constraints/angular_limit_upper = 90.0
joint_constraints/angular_limit_lower = -90.0
joint_constraints/angular_limit_bias = 0.3
joint_constraints/angular_limit_softness = 0.9
joint_constraints/angular_limit_relaxation = 1.0

[node name="CollisionShape" type="CollisionShape" parent="Armature/Physical Bone Neck" index="0"]
transform = Transform( 1, 0, 0, 0, -4.37114e-08, 1, 1.32349e-22, -1, -4.37114e-08, 0, 0, 0 )
shape = SubResource( 2 )

[node name="Physical Bone Chest" type="PhysicalBone" parent="Armature" index="6"]
transform = Transform( 0.885524, -0.464588, 0.00236689, 0.0350435, 0.0617126, -0.99748, 0.463271, 0.883375, 0.0709288, -0.000541601, 1.3399, -0.0173349 )
visible = false
joint_type = 3
joint_offset = Transform( 1, 0, 0, 0, 1, 0, 0, 0, 1, 0.00253124, 0.00440725, 0.133909 )
body_offset = Transform( 0.999743, -0.00430048, 0.0222827, 0.00342909, 0.999234, 0.0390018, -0.0224333, -0.0389153, 0.998992, -0.00549548, -0.00963523, -0.133545 )
bounce = 0.5
bone_name = "Chest"
joint_constraints/angular_limit_enabled = true
joint_constraints/angular_limit_upper = 90.0
joint_constraints/angular_limit_lower = -90.0
joint_constraints/angular_limit_bias = 0.3
joint_constraints/angular_limit_softness = 0.9
joint_constraints/angular_limit_relaxation = 1.0

[node name="CollisionShape" type="CollisionShape" parent="Armature/Physical Bone Chest" index="0"]
shape = SubResource( 3 )

[node name="Physical Bone Torso" type="PhysicalBone" parent="Armature" index="7"]
transform = Transform( 0.999796, 0.0202401, 0.000592112, -0.000126977, 0.0355081, -0.999369, -0.0202485, 0.999165, 0.0355033, -5.35519e-05, 1.07964, -0.00318664 )
visible = false
joint_type = 3
joint_offset = Transform( 1, 0, 0, 0, 1, 0, 0, 0, 1, -1.52096e-07, 0.000156122, 0.0853623 )
body_offset = Transform( 0.999999, -0.00193239, -5.08848e-05, 0.0019329, 0.999746, 0.0224648, 7.46342e-06, -0.0224649, 0.999747, 4.79743e-06, -0.00207373, -0.0853372 )
bounce = 0.5
bone_name = "Torso"
joint_constraints/angular_limit_enabled = true
joint_constraints/angular_limit_upper = 90.0
joint_constraints/angular_limit_lower = -90.0
joint_constraints/angular_limit_bias = 0.3
joint_constraints/angular_limit_softness = 0.9
joint_constraints/angular_limit_relaxation = 1.0

[node name="CollisionShape" type="CollisionShape" parent="Armature/Physical Bone Torso" index="0"]
transform = Transform( 1, 0, 0, 0, 1, 0, 0, 0, 1, 0, 0, 0.0241845 )
shape = SubResource( 4 )

[node name="Physical Bone Pelvis" type="PhysicalBone" parent="Armature" index="8"]
transform = Transform( 1, 2.68221e-07, 0, 0, 0, -1, -2.68221e-07, 1, 0, 0, 0.878529, 0 )
visible = false
joint_type = 3
joint_offset = Transform( 1, 0, 0, 0, 1, 0, 0, 0, 1, 0, 0, 0.0574352 )
body_offset = Transform( 1, 2.98019e-08, 0, -2.98019e-08, 1, 0, 0, 0, 1, 0, 0, -0.0574352 )
bounce = 0.5
bone_name = "Pelvis"
joint_constraints/angular_limit_enabled = true
joint_constraints/angular_limit_upper = 90.0
joint_constraints/angular_limit_lower = -90.0
joint_constraints/angular_limit_bias = 0.3
joint_constraints/angular_limit_softness = 0.9
joint_constraints/angular_limit_relaxation = 1.0

[node name="CollisionShape" type="CollisionShape" parent="Armature/Physical Bone Pelvis" index="0"]
shape = SubResource( 5 )

[node name="Physical Bone ShoulderL" type="PhysicalBone" parent="Armature" index="9"]
transform = Transform( -0.0212704, -0.464589, -0.885272, -0.998059, 0.0617121, -0.00840592, 0.0585374, 0.883374, -0.464998, 0.174651, 1.39879, 0.0706889 )
visible = false
joint_type = 3
joint_offset = Transform( 1, 0, 0, 0, 1, 0, 0, 0, 1, -0.0173973, 0.0118653, 0.0429042 )
body_offset = Transform( 0.998995, -0.0387866, 0.0224532, 0.0388964, 0.999234, -0.00446856, -0.0222627, 0.00533843, 0.999738, 0.0168767, -0.0109878, -0.0433436 )
bounce = 0.5
bone_name = "Shoulder.L"
joint_constraints/angular_limit_enabled = true
joint_constraints/angular_limit_upper = 90.0
joint_constraints/angular_limit_lower = -90.0
joint_constraints/angular_limit_bias = 0.3
joint_constraints/angular_limit_softness = 0.9
joint_constraints/angular_limit_relaxation = 1.0

[node name="CollisionShape" type="CollisionShape" parent="Armature/Physical Bone ShoulderL" index="0"]
shape = SubResource( 6 )

[node name="Physical Bone ShoulderR" type="PhysicalBone" parent="Armature" index="10"]
transform = Transform( -0.0260031, -0.464588, 0.885145, 0.996188, 0.0617121, 0.0616561, -0.0832688, 0.883374, 0.461213, -0.175981, 1.38491, -0.112747 )
visible = false
joint_type = 3
joint_offset = Transform( 1, 0, 0, 0, 1, 0, 0, 0, 1, 0.0236224, 0.0131414, 0.0574724 )
body_offset = Transform( 0.998987, 0.0390162, 0.0224132, -0.0390793, 0.999233, 0.00238702, -0.022303, -0.00326011, 0.999746, -0.0253993, -0.0123454, -0.0568881 )
bounce = 0.5
bone_name = "Shoulder.R"
joint_constraints/angular_limit_enabled = true
joint_constraints/angular_limit_upper = 90.0
joint_constraints/angular_limit_lower = -90.0
joint_constraints/angular_limit_bias = 0.3
joint_constraints/angular_limit_softness = 0.9
joint_constraints/angular_limit_relaxation = 1.0

[node name="CollisionShape" type="CollisionShape" parent="Armature/Physical Bone ShoulderR" index="0"]
shape = SubResource( 7 )

[node name="Physical Bone UpperArmL" type="PhysicalBone" parent="Armature" index="11"]
transform = Transform( -0.733826, -0.527615, 0.427929, -0.41474, 0.846852, 0.332917, -0.538044, 0.0668232, -0.840263, 0.15586, 1.35034, 0.216911 )
visible = false
joint_type = 3
joint_offset = Transform( 1, 0, 0, 0, 1, 0, 0, 0, 1, -0.0139028, 0.0138602, 0.142023 )
body_offset = Transform( 0.999467, 0.0230067, 0.0231858, -0.0220885, 0.998993, -0.0390581, -0.0240617, 0.0385249, 0.998968, 0.0102836, -0.0086062, -0.142745 )
bounce = 0.5
bone_name = "UpperArm.L"
joint_constraints/angular_limit_enabled = true
joint_constraints/angular_limit_upper = 90.0
joint_constraints/angular_limit_lower = -90.0
joint_constraints/angular_limit_bias = 0.3
joint_constraints/angular_limit_softness = 0.9
joint_constraints/angular_limit_relaxation = 1.0

[node name="CollisionShape" type="CollisionShape" parent="Armature/Physical Bone UpperArmL" index="0"]
transform = Transform( 1, 8.52651e-14, 8.88178e-16, 0, 1, 0, 6.21725e-15, 0, 1, 0, 0, 0 )
shape = SubResource( 8 )

[node name="Physical Bone UpperArmR" type="PhysicalBone" parent="Armature" index="12"]
transform = Transform( -0.65403, 0.441706, 0.614117, 0.74847, 0.495595, 0.440658, -0.109713, 0.747852, -0.654736, -0.310426, 1.3171, -0.0392283 )
visible = false
joint_type = 3
joint_offset = Transform( 1, 0, 0, 0, 1, 0, 0, 0, 1, 0.0185679, 0.0234386, 0.150447 )
body_offset = Transform( 0.999068, 0.0284837, -0.0324171, -0.0295733, 0.998997, -0.0336322, 0.0314276, 0.0345604, 0.998908, -0.0143411, -0.0178061, -0.151676 )
bounce = 0.5
bone_name = "UpperArm.R"
joint_constraints/angular_limit_enabled = true
joint_constraints/angular_limit_upper = 90.0
joint_constraints/angular_limit_lower = -90.0
joint_constraints/angular_limit_bias = 0.3
joint_constraints/angular_limit_softness = 0.9
joint_constraints/angular_limit_relaxation = 1.0

[node name="CollisionShape" type="CollisionShape" parent="Armature/Physical Bone UpperArmR" index="0"]
shape = SubResource( 8 )

[node name="Physical Bone LowerArmL" type="PhysicalBone" parent="Armature" index="13"]
transform = Transform( -0.733851, -0.0615121, 0.676519, -0.414726, 0.829323, -0.374467, -0.538018, -0.555373, -0.63411, -0.02207, 1.36546, 0.44795 )
visible = false
joint_type = 3
joint_offset = Transform( 1, 0, 0, 0, 1, 0, 0, 0, 1, -0.0068582, -0.00104584, 0.165829 )
body_offset = Transform( 0.999466, 0.0326626, -0.000267744, -0.0326472, 0.998689, -0.0394267, -0.0010204, 0.0394146, 0.999222, 0.00693309, 0.00735867, -0.165666 )
bounce = 0.5
bone_name = "LowerArm.L"
joint_constraints/angular_limit_enabled = true
joint_constraints/angular_limit_upper = 90.0
joint_constraints/angular_limit_lower = -90.0
joint_constraints/angular_limit_bias = 0.3
joint_constraints/angular_limit_softness = 0.9
joint_constraints/angular_limit_relaxation = 1.0

[node name="CollisionShape" type="CollisionShape" parent="Armature/Physical Bone LowerArmL" index="0"]
transform = Transform( 1, -1.13687e-13, -2.13163e-14, -8.52651e-14, 1, -7.45058e-09, 0, 0, 1, 0, 0, -0.0695922 )
shape = SubResource( 9 )

[node name="Physical Bone LowerArmR" type="PhysicalBone" parent="Armature" index="14"]
transform = Transform( -0.654052, 0.624635, -0.426666, 0.748451, 0.452562, -0.484778, -0.109717, -0.636409, -0.763509, -0.327551, 1.33526, 0.186728 )
visible = false
joint_type = 3
joint_offset = Transform( 1, 0, 0, 0, 1, 0, 0, 0, 1, 0.0093711, 0.00478525, 0.157255 )
body_offset = Transform( 0.999069, -0.0316964, -0.0292839, 0.0306666, 0.998916, -0.035003, 0.0303611, 0.0340729, 0.998958, -0.00460565, 0.000436962, -0.157539 )
bounce = 0.5
bone_name = "LowerArm.R"
joint_constraints/angular_limit_enabled = true
joint_constraints/angular_limit_upper = 90.0
joint_constraints/angular_limit_lower = -90.0
joint_constraints/angular_limit_bias = 0.3
joint_constraints/angular_limit_softness = 0.9
joint_constraints/angular_limit_relaxation = 1.0

[node name="CollisionShape" type="CollisionShape" parent="Armature/Physical Bone LowerArmR" index="0"]
transform = Transform( 1, -5.68434e-14, 1.77636e-15, 2.84217e-14, 1, -3.72529e-09, 3.55271e-15, 0, 1, 0, -1.86265e-09, -0.0690024 )
shape = SubResource( 9 )

[node name="Physical Bone UpperLegL" type="PhysicalBone" parent="Armature" index="15"]
transform = Transform( 0.00249485, -1.00011, -6.49915e-05, -0.776997, -0.00197804, 0.6295, -0.629499, -0.00152005, -0.777, 0.148523, 0.715442, 0.168133 )
visible = false
joint_type = 3
joint_offset = Transform( 1, 0, 0, 0, 1, 0, 0, 0, 1, -0.0146864, -2.08774e-05, 0.228286 )
body_offset = Transform( 0.998231, 0.00248604, 0.059397, -0.00249413, 0.999997, 6.67673e-05, -0.0593964, -0.00021483, 0.998234, 0.00110096, -3.09944e-05, -0.228755 )
bounce = 0.5
bone_name = "UpperLeg.L"
joint_constraints/angular_limit_enabled = true
joint_constraints/angular_limit_upper = 90.0
joint_constraints/angular_limit_lower = -90.0
joint_constraints/angular_limit_bias = 0.3
joint_constraints/angular_limit_softness = 0.9
joint_constraints/angular_limit_relaxation = 1.0

[node name="CollisionShape" type="CollisionShape" parent="Armature/Physical Bone UpperLegL" index="0"]
transform = Transform( 1, 0, 0, 7.10543e-14, 1, 4.44089e-15, 0, -3.55271e-15, 1, 0.0197185, 0, -0.0557221 )
shape = SubResource( 10 )

[node name="Physical Bone UpperLegR" type="PhysicalBone" parent="Armature" index="16"]
transform = Transform( 0.00100536, 1.00011, 0.000992035, 0.191288, -0.00116468, 0.981533, 0.981533, -0.000797005, -0.191289, -0.148723, 0.640243, 0.0427463 )
visible = false
joint_type = 3
joint_offset = Transform( 1, 0, 0, 0, 1, 0, 0, 0, 1, 0.00210002, -2.99921e-06, 0.234241 )
body_offset = Transform( 0.997651, -0.000935676, -0.0684915, 0.00100602, 0.999999, 0.000993058, 0.0684905, -0.00105978, 0.997651, 0.0139484, -0.000231728, -0.233834 )
bounce = 0.5
bone_name = "UpperLeg.R"
joint_constraints/angular_limit_enabled = true
joint_constraints/angular_limit_upper = 90.0
joint_constraints/angular_limit_lower = -90.0
joint_constraints/angular_limit_bias = 0.3
joint_constraints/angular_limit_softness = 0.9
joint_constraints/angular_limit_relaxation = 1.0

[node name="CollisionShape" type="CollisionShape" parent="Armature/Physical Bone UpperLegR" index="0"]
transform = Transform( 1, 0, 0, 0, 1, 0, 0, 4.44089e-14, 1, -0.0197185, 0, -0.0557221 )
shape = SubResource( 10 )

[node name="Physical Bone LowerLegL" type="PhysicalBone" parent="Armature" index="17"]
transform = Transform( 0.00168717, -1.00011, -0.00183914, 0.0799061, -0.00169712, 0.996801, -0.996802, -0.00182876, 0.0799029, 0.149019, 0.315858, 0.312529 )
visible = false
joint_type = 3
joint_offset = Transform( 1, 0, 0, 0, 1, 0, 0, 0, 1, 0.0185772, 7.0353e-05, 0.266005 )
body_offset = Transform( 0.9987, 0.00177694, -0.050951, -0.00168521, 0.999997, 0.00183985, 0.0509542, -0.00175184, 0.998699, -0.005, -0.000528455, -0.266605 )
bounce = 0.5
bone_name = "LowerLeg.L"
joint_constraints/angular_limit_enabled = true
joint_constraints/angular_limit_upper = 90.0
joint_constraints/angular_limit_lower = -90.0
joint_constraints/angular_limit_bias = 0.3
joint_constraints/angular_limit_softness = 0.9
joint_constraints/angular_limit_relaxation = 1.0

[node name="CollisionShape" type="CollisionShape" parent="Armature/Physical Bone LowerLegL" index="0"]
transform = Transform( 1, 0, -9.31323e-09, -3.55271e-14, 1, 1.33227e-15, 9.31323e-09, -4.44089e-14, 1, -0.00181231, 0, -0.0599164 )
shape = SubResource( 11 )

[node name="Physical Bone LowerLegR" type="PhysicalBone" parent="Armature" index="18"]
transform = Transform( -1.19161e-05, 1.00011, 0.00141223, -0.707683, -0.00100485, 0.706529, 0.70653, -0.000991122, 0.707683, -0.149307, 0.239708, -0.105806 )
visible = false
joint_type = 3
joint_offset = Transform( 1, 0, 0, 0, 1, 0, 0, 0, 1, -0.0344924, 0.000450147, 0.258541 )
body_offset = Transform( 0.998716, -5.92979e-05, 0.0506542, -1.23752e-05, 0.999999, 0.00141343, -0.050653, -0.00141245, 0.998715, 0.021352, -0.000816002, -0.259955 )
bounce = 0.5
bone_name = "LowerLeg.R"
joint_constraints/angular_limit_enabled = true
joint_constraints/angular_limit_upper = 90.0
joint_constraints/angular_limit_lower = -90.0
joint_constraints/angular_limit_bias = 0.3
joint_constraints/angular_limit_softness = 0.9
joint_constraints/angular_limit_relaxation = 1.0

[node name="CollisionShape" type="CollisionShape" parent="Armature/Physical Bone LowerLegR" index="0"]
transform = Transform( 1, 0, 7.45058e-09, 5.68434e-14, 1, 1.11022e-15, -7.45058e-09, -2.9754e-14, 1, 0.00181232, 0, -0.0599164 )
shape = SubResource( 11 )

[node name="HitBoxHead" type="BoneAttachment" parent="Armature" index="19"]
transform = Transform( 0.999016, 0.0443467, 0.000578833, -0.000578838, 0.0260877, -0.99966, -0.0443467, 0.998676, 0.0260877, -0.000277757, 1.64068, -0.013904 )
bone_name = "Head"

[node name="Area" type="Area" parent="Armature/HitBoxHead" index="0"]
collision_layer = 2
collision_mask = 0

[node name="CollisionShape" type="CollisionShape" parent="Armature/HitBoxHead/Area" index="0"]
transform = Transform( 1, -2.84217e-14, 0, 2.84217e-14, 1, 4.65661e-10, 0, 0, 1, 8.88178e-16, 0.0272074, -0.103689 )
shape = SubResource( 1 )

[node name="HitBoxNeck" type="BoneAttachment" parent="Armature" index="20"]
transform = Transform( 0.887347, -0.461103, 0.000578833, 0.0125426, 0.022882, -0.99966, 0.460932, 0.887052, 0.0260877, -0.000209755, 1.52324, -0.0108393 )
bone_name = "Neck"

[node name="Area" type="Area" parent="Armature/HitBoxNeck" index="0"]
transform = Transform( 1, 2.84217e-14, 0, -2.84217e-14, 1, 0, 0, 0, 1, 0, 0, -0.11748 )
collision_layer = 2
collision_mask = 0

[node name="CollisionShape" type="CollisionShape" parent="Armature/HitBoxNeck/Area" index="0"]
transform = Transform( 1, 1.69407e-21, -2.84217e-14, 2.84217e-14, -4.37114e-08, 1, 1.32349e-22, -1, -4.37114e-08, 7.94093e-23, -1.80439e-09, 0.0762005 )
shape = SubResource( 2 )

[node name="HitBoxChest" type="BoneAttachment" parent="Armature" index="21"]
transform = Transform( 0.887347, -0.461103, 0.000578833, 0.0125426, 0.022882, -0.99966, 0.460933, 0.887052, 0.0260877, -3.07362e-05, 1.21407, -0.00277099 )
bone_name = "Chest"

[node name="Area" type="Area" parent="Armature/HitBoxChest" index="0"]
transform = Transform( 1, 2.38419e-07, 0, -2.38419e-07, 1, 0, 0, 0, 1, 0, 0, -0.426755 )
collision_layer = 2
collision_mask = 0

[node name="CollisionShape" type="CollisionShape" parent="Armature/HitBoxChest/Area" index="0"]
transform = Transform( 1, -2.38419e-07, 0, 2.38419e-07, 1, 0, 0, 0, 1, 0, 0, 0.302916 )
shape = SubResource( 3 )

[node name="HitBoxTorso" type="BoneAttachment" parent="Armature" index="22"]
transform = Transform( 0.999754, 0.0221809, 0.000144732, -0.000144735, 0.0130482, -0.999915, -0.0221809, 0.999669, 0.0130482, 0, 1.00172, 0 )
bone_name = "Torso"

[node name="Area" type="Area" parent="Armature/HitBoxTorso" index="0"]
transform = Transform( 1, 2.84217e-14, 0, -2.84217e-14, 1, 0, 0, 0, 1, 0, 0, -0.639121 )
collision_layer = 2
collision_mask = 0

[node name="CollisionShape" type="CollisionShape" parent="Armature/HitBoxTorso/Area" index="0"]
transform = Transform( 1, -2.84217e-14, 0, 2.84217e-14, 1, 0, 0, 0, 1, 0, 0, 0.571901 )
shape = SubResource( 4 )

[node name="HitBoxPelvis" type="BoneAttachment" parent="Armature" index="23"]
transform = Transform( 1, 2.38419e-07, 0, 0, 0, -1, -2.38419e-07, 1, 0, 0, 0.828472, 0 )
bone_name = "Pelvis"

[node name="Area" type="Area" parent="Armature/HitBoxPelvis" index="0"]
transform = Transform( 1, 5.68434e-14, 0, -5.68434e-14, 1, 0, 0, 0, 1, 0, 0, -0.812367 )
collision_layer = 2
collision_mask = 0

[node name="CollisionShape" type="CollisionShape" parent="Armature/HitBoxPelvis/Area" index="0"]
transform = Transform( 1, -5.68434e-14, 0, 5.68434e-14, 1, 0, 0, 0, 1, 0, 0, 0.718014 )
shape = SubResource( 5 )

[node name="HitBoxUpperArmL" type="BoneAttachment" parent="Armature" index="24"]
transform = Transform( -0.734975, -0.529068, 0.424145, -0.386252, 0.840747, 0.379414, -0.557334, 0.115033, -0.822281, 0.219526, 1.4225, 0.105981 )
bone_name = "UpperArm.L"

[node name="Area" type="Area" parent="Armature/HitBoxUpperArmL" index="0"]
transform = Transform( -2.25982e-08, -3.99434e-07, 0.999999, 0.0378822, 0.999282, 4.04485e-07, -0.999282, 0.0378822, -8.34572e-08, -0.221357, -0.0093784, 0.247387 )
collision_layer = 2
collision_mask = 0

[node name="CollisionShape" type="CollisionShape" parent="Armature/HitBoxUpperArmL/Area" index="0"]
transform = Transform( -9.87201e-08, 0.0378822, -0.999282, -4.01033e-07, 0.999282, 0.0378822, 1, 4.00003e-07, -7.45058e-09, 0.401971, -0.00585343, 0.221357 )
shape = SubResource( 8 )

[node name="HitBoxUpperArmR" type="BoneAttachment" parent="Armature" index="25"]
transform = Transform( -0.666721, 0.436415, 0.604174, 0.742735, 0.456359, 0.489982, -0.0618848, 0.775422, -0.628404, -0.219825, 1.41629, -0.12224 )
bone_name = "UpperArm.R"

[node name="Area" type="Area" parent="Armature/HitBoxUpperArmR" index="0"]
transform = Transform( -2.25984e-08, 3.99433e-07, -0.999999, -0.0378827, 0.999282, 4.04485e-07, 0.999282, 0.0378827, -8.34572e-08, 0.221357, -0.0093784, 0.247387 )
collision_layer = 2
collision_mask = 0

[node name="CollisionShape" type="CollisionShape" parent="Armature/HitBoxUpperArmR/Area" index="0"]
transform = Transform( -9.87203e-08, -0.0378827, 0.999282, 4.01033e-07, 0.999282, 0.0378827, -1, 4.00003e-07, -7.45059e-09, -0.401971, -0.00585363, 0.221357 )
shape = SubResource( 8 )

[node name="HitBoxLowerArmL" type="BoneAttachment" parent="Armature" index="26"]
transform = Transform( -0.734975, -0.065831, 0.674891, -0.386252, 0.858674, -0.336882, -0.557334, -0.508277, -0.656531, 0.0954107, 1.31147, 0.3466 )
bone_name = "LowerArm.L"

[node name="Area" type="Area" parent="Armature/HitBoxLowerArmL" index="0"]
transform = Transform( 6.56396e-09, -3.99604e-07, 0.999999, -0.0325151, 0.999471, 3.9873e-07, -0.999471, -0.0325151, -8.25663e-08, -0.221357, 0.0286367, 0.539332 )
collision_layer = 2
collision_mask = 0

[node name="CollisionShape" type="CollisionShape" parent="Armature/HitBoxLowerArmL/Area" index="0"]
transform = Transform( -6.95579e-08, -0.0325151, -0.999471, -4.01204e-07, 0.999471, -0.0325151, 1, 3.99606e-07, -6.4327e-09, 0.815413, -0.00212468, 0.221357 )
shape = SubResource( 9 )

[node name="HitBoxLowerArmR" type="BoneAttachment" parent="Armature" index="27"]
transform = Transform( -0.66672, 0.614802, -0.42131, 0.742735, 0.50114, -0.444078, -0.0618853, -0.608997, -0.790754, -0.396621, 1.27291, 0.0616463 )
bone_name = "LowerArm.R"

[node name="Area" type="Area" parent="Armature/HitBoxLowerArmR" index="0"]
transform = Transform( 6.56376e-09, 3.99604e-07, -0.999999, 0.0325146, 0.999471, 3.98729e-07, 0.999471, -0.0325146, -8.25663e-08, 0.221357, 0.0286367, 0.539332 )
collision_layer = 2
collision_mask = 0

[node name="CollisionShape" type="CollisionShape" parent="Armature/HitBoxLowerArmR/Area" index="0"]
transform = Transform( -6.95581e-08, 0.0325146, 0.999471, 4.01204e-07, 0.999471, -0.0325146, -1, 3.99606e-07, -6.43268e-09, -0.814816, -0.0021445, 0.221357 )
shape = SubResource( 9 )

[node name="HitBoxUpperLegL" type="BoneAttachment" parent="Armature" index="28"]
transform = Transform( 5.49639e-07, -1.00011, 1.72953e-06, -0.722444, 2.17474e-06, 0.691429, -0.691429, -1.68092e-06, -0.722444, 0.148492, 0.877937, 3.40303e-09 )
bone_name = "UpperLeg.L"

[node name="Area" type="Area" parent="Armature/HitBoxUpperLegL" index="0"]
transform = Transform( 4.36924e-07, -0.999307, 0.0372251, -0.99996, -4.36533e-07, 1.61225e-08, 1.37689e-06, -0.0372251, -0.999307, -0.0283991, 0.148486, 0.762373 )
collision_layer = 2
collision_mask = 0

[node name="CollisionShape" type="CollisionShape" parent="Armature/HitBoxUpperLegL/Area" index="0"]
transform = Transform( 4.36848e-07, -1.00004, 1.38655e-10, -0.999307, -4.87896e-07, -0.0372251, 0.0372251, -1.35973e-06, -0.999307, 0.148492, -0.0176305, 1.02867 )
shape = SubResource( 10 )

[node name="HitBoxUpperLegR" type="BoneAttachment" parent="Armature" index="29"]
transform = Transform( -6.90941e-07, 1.00011, -1.19123e-06, 0.106442, 2.63115e-06, 0.994319, 0.994319, 5.08967e-07, -0.106442, -0.148492, 0.877937, 7.08879e-09 )
bone_name = "UpperLeg.R"

[node name="Area" type="Area" parent="Armature/HitBoxUpperLegR" index="0"]
transform = Transform( -4.73296e-08, 0.999307, -0.0372251, 0.99996, 4.74041e-08, -1.6271e-09, -1.37376e-06, -0.0372251, -0.999307, 0.0283991, 0.148486, 0.762373 )
collision_layer = 2
collision_mask = 0

[node name="CollisionShape" type="CollisionShape" parent="Armature/HitBoxUpperLegR/Area" index="0"]
transform = Transform( -4.74337e-08, 1.00004, 1.3866e-10, 0.999307, -3.84196e-09, -0.0372251, -0.0372251, -1.37463e-06, -0.999307, -0.148492, -0.0176306, 1.02867 )
shape = SubResource( 10 )

[node name="HitBoxLowerLegL" type="BoneAttachment" parent="Armature" index="30"]
transform = Transform( 1.67141e-06, -1.00011, 1.03728e-06, 0.0161839, 2.44014e-06, 0.99987, -0.99987, -1.7058e-06, 0.0161839, 0.148491, 0.582661, 0.30852 )
bone_name = "LowerLeg.L"

[node name="Area" type="Area" parent="Armature/HitBoxLowerLegL" index="0"]
transform = Transform( 4.36789e-07, -0.999542, -0.0302335, -0.99996, -3.43935e-07, -3.07927e-09, 1.36629e-06, 0.0302335, -0.999542, 0.0518573, 0.148486, 1.18863 )
collision_layer = 2
collision_mask = 0

[node name="CollisionShape" type="CollisionShape" parent="Armature/HitBoxLowerLegL/Area" index="0"]
transform = Transform( 3.43884e-07, -1.00004, -7.3208e-09, -0.999543, -3.95297e-07, 0.0302336, -0.0302336, -1.37893e-06, -0.999543, 0.148492, 0.0158971, 1.51202 )
shape = SubResource( 11 )

[node name="HitBoxLowerLegR" type="BoneAttachment" parent="Armature" index="31"]
transform = Transform( 3.48991e-07, 1.00011, -1.38844e-06, -0.657028, 2.64913e-06, 0.753867, 0.753867, 5.97891e-07, 0.657028, -0.148491, 0.453312, 0.0454561 )
bone_name = "LowerLeg.R"

[node name="Area" type="Area" parent="Armature/HitBoxLowerLegR" index="0"]
transform = Transform( -4.72745e-08, 0.999542, 0.0302335, 0.99996, 1.40167e-07, -3.08423e-09, -1.37809e-06, 0.0302335, -0.999542, -0.0518573, 0.148486, 1.18863 )
collision_layer = 2
collision_mask = 0

[node name="CollisionShape" type="CollisionShape" parent="Armature/HitBoxLowerLegR/Area" index="0"]
transform = Transform( -1.40015e-07, 1.00004, -7.32086e-09, 0.999543, 8.89211e-08, 0.0302336, 0.0302336, -1.37609e-06, -0.999543, -0.148492, 0.015897, 1.51202 )
shape = SubResource( 11 )

[node name="CameraBoneAttachment" parent="Armature" index="32"]
transform = Transform( -0.999016, -0.000578936, -0.0443465, 0.000578745, 0.99966, -0.026088, 0.0443465, -0.0260881, -0.998676, 0.00233999, 1.72613, 0.043952 )

[node name="AnimationTree" type="AnimationTree" parent="." index="1"]
tree_root = SubResource( 79 )
anim_player = NodePath("../Armature/AnimationPlayer")
active = true
process_mode = 0
root_motion_track = NodePath(".:Root")
